1|2
9|353 433 611
10|185 270
11|23 31 58 59 86 148 170 177
14|58 546
15|438 496
16|79 188 197 238 241 416
22|115 242
24|142 520 560
29|143
31|237 241 244
32|248
36|35
38|604
39|223 260 274 427 434 502 540
40|44 533
42|24 43 293 477
44|533
46|44 239 240 365 392 603
47|502
48|88 180 424 434
49|35
50|319 375
51|3 10 87 114 134 141 159 190
54|53 58 82 95 140 164 170 208
56|25
57|512
58|48 49 88 93 320 397 421 545
61|274 434 543
65|247
67|53 73 208 401 478
68|145 224
72|13 57 184 218 268 318 402 410
75|473
78|49 120 462 469
80|143 173 214
82|33 250 277 504
83|53 347 504 572 576
84|90 176 224 231 354 359 447 489
87|331
88|47 209 495
90|5 30 316
93|109 120 376 591
95|289
97|165 484
104|94 171 211 279 353 437 526 610
105|67 107 127 211 229 273 277 301
107|565
108|1 57 165 292 305 399 473 484
109|469
111|18 34 45 66 71 78 86 105
112|15 31 32 35 65 97 130 241
116|185
117|161
118|372
120|35 98 526
121|143 271
124|63 81 112 126 154 217 243 323
125|316
126|182 188 197 234 520 534 560 592
129|13 518
132|263
133|11 39 61 183 241 247 251 260
135|403
136|21 23 49 61 66 67 68 78
137|454
139|44 65 79 82 91 113 116 126
141|304 379 441 573
144|57 468 619
147|62 201 332
148|564
150|502
151|87 91 204 356 565 603
155|156 286 372 448 606
156|275 479 514 532
157|56 76 92 123 253 280 281 349
159|483 603
161|21
164|87 166 241 309 361 395 567
166|607
167|5 50 267 345 533 613
168|5 68 184 224 278 283 316 345
169|168 243 262 336 378 507 583 592
170|31 86 115 225 277 383 399 480
172|37 186 265
173|609
174|38 243 337 361 364 551 583
175|270 488
176|127 270 485
178|479
180|15 18 39 59 69 76 79 82
181|216 438 497 545
182|42 69 73 99 106 173 200 211
185|379 603
186|439
189|425 522
190|102 240 441 447 604
191|513 519
195|188 226 410
196|16 25 79 134 162 183 188 197
198|200 201 411 433 438 509
201|41 411
203|89 549
207|55 77 91 450 551 596
210|156 187 514 516
211|17
213|18 44 105 317 533
214|29
216|8 94 215 224 391 509
217|14
218|1 74 108 306 313 399 402 477
220|84 168 356 381 394 489 532 584
221|29 127 153 183 271 295 310 312
229|563
232|208
233|504
235|179
236|31 33 41 44 51 64 76 79
256|54 86 231 241 251 296 303 427
266|416
268|125 130 184 414 534
269|423 496 578
271|509
273|73 145 208 227 232 234 277 346
274|198 273 303 539 543 564
276|299 350 351 527 569
278|283 496 509
280|281 368 451 517
281|209
282|118 122 124 217 252 283 287 309
284|157 285 368 601
285|513 606
287|19
289|374 579
290|33 250
291|300
292|24 75 293 305 367 520 560
293|18 64
294|61 301 303 317 320 351 418 427
295|506
297|225 325 497 509
298|504
301|166 302 395 521 542 580
304|341 431 494
305|138
306|1 292 402
307|185
312|364
313|1 75 305 399
317|177 561 564
318|74 118 139 169 175 244 245 248
321|95 390 493
322|11 54 61 67 88 121 138 148
323|3 26 40 42 73 78 107 115
325|7 43 46 60 97 109 110 125
326|20 62 131 135 137 158 332 333
327|139 169 286 287 416 507
332|310
333|332
335|40 50 222 533
337|243 257 309 384 392 475 477 478
338|3 270 287 319 483
340|102
343|445 607
345|381
351|350
353|210 378 550
354|149 168 191 285 359 533
356|278 447 549
359|364
360|171 182
366|266
367|24
368|12 149 235 245 265 342 549
369|468 572
370|23 32 48 170 295 297 397 422
371|146 578
373|559
374|228 277 559
375|270 429 488
376|65 98 348 365 373 377 390 495
382|85 100 142 250 255 267 391 463
383|79 86 411
385|62 138 211 239 271 272 361 386
387|103 161 611
388|129 160 248 269 371 445 474 488
389|112
392|510
393|351 546
394|84 125 191 584
395|211
396|128 392
399|402
400|36 105 232 495
402|17 18 24 367 520 560
406|114 194 246 304 330 344 379 392
408|567
410|248
412|189 240 522 609
413|184 255 311 361 436 513
416|260 366 374
418|590
421|320
422|28 31 502
424|44 88 98 120 143 247 376 377
425|384 417
426|39 321 322 493 511
427|11 15 198 276 543 546 591
432|85 558
434|35 88 98 120 164 301 303 376
435|240 329 603
436|232 234 277
439|60 590
440|118 503 578 581
443|172
444|350 351
445|10 19 30 50 57 70 83 110
447|240 603
449|537
451|123 281
452|75 243 331 430 498
453|8
457|50 110 153 392 455 456
466|102 183 224
470|249 260 290 366
472|70 90 125 332 529 574 586
473|391
474|50 219 443 445 533
477|367 402
479|415
482|3 159 248 298 375 429 565 596
483|15
484|309 362 391
485|30 83 106 108 126 127 156 178
487|3 309 329 380 419 420 478 481
490|494
492|226
493|28 31 34 105 145 180 208 241
497|34 110 113 325 380
499|47 95 96 398 453
502|23 397 556
503|389 426
504|6 53 74 346 347 576 594
506|367
507|50 286 449 576
508|250 291 420
510|51 240 433 603
511|93 95 120 216 225 232 247 273
512|332
527|350
529|2 399
535|112 116 125 155 178 184 257 312
536|40 267 533
538|13
539|346 415
540|27 28 36 49 78 109 120 198
541|73 164 166 241 277 401 504 543
543|166 241 276 350 351 395 408 444
544|119 311 500
545|198 509 547
546|526
547|384
548|122 252 262 332 335 430 573
551|55 562
553|295 418 527
554|33 82 290
555|551
557|152
559|244
563|331
564|561
565|324
566|84
567|161
569|66 69 350
573|441
576|347
578|64 74 127 146 218 239 248 357
579|17
581|266
582|126
584|59 112 168 217 224 244 266 345
586|72 175 236 483
588|225 296 383 432
589|80 198 224 286 340 460 494 509
590|197 547 556
591|2 29 47 119 173 209 214 224
593|112
595|69 464
597|351
601|439 454 514 568 605
605|2 8 29 119 183 193 214 314
607|248 270 537
608|99
611|210
612|26 151 233 237 252 312 339 425
615|19
616|26 33 43 87 112 213 249 336
